epoch:0 0.0041  0.0148  0.0010  0.0000  0.0167  0.0041  0.0058  0.0266  0.0266  0.0000  0.0245  0.0267  0.7977  0.010000
epoch:1 0.0245  0.0735  0.0095  0.0000  0.0110  0.0321  0.0418  0.0768  0.0768  0.0000  0.0420  0.0855  0.4468  0.010000
epoch:2 0.0385  0.1116  0.0138  0.0000  0.0187  0.0424  0.0608  0.0954  0.0954  0.0000  0.0696  0.0995  0.4087  0.010000
epoch:3 0.0436  0.1473  0.0103  0.0000  0.0730  0.0498  0.0694  0.1332  0.1332  0.0000  0.1188  0.1524  0.3832  0.010000
epoch:4 0.0618  0.2016  0.0285  0.0000  0.0591  0.0614  0.0759  0.1268  0.1268  0.0000  0.1073  0.1281  0.3747  0.010000
epoch:5 0.0879  0.2131  0.0497  0.0000  0.0685  0.0993  0.1037  0.1586  0.1586  0.0000  0.1346  0.1816  0.3580  0.010000
epoch:6 0.1045  0.2663  0.0692  0.0000  0.1091  0.1112  0.1312  0.1992  0.1992  0.0000  0.1861  0.1955  0.3220  0.010000
epoch:7 0.1274  0.3063  0.0818  0.0000  0.0879  0.1568  0.1639  0.2311  0.2311  0.0000  0.1563  0.2588  0.2893  0.010000
epoch:8 0.1461  0.3380  0.1233  0.0000  0.0975  0.1586  0.1618  0.2492  0.2492  0.0000  0.1883  0.2657  0.2510  0.003300
epoch:9 0.1557  0.3658  0.1251  0.0000  0.1560  0.1625  0.1852  0.2484  0.2484  0.0000  0.2414  0.2437  0.2323  0.003300
epoch:10 0.1536  0.3484  0.1017  0.0000  0.1359  0.1688  0.1935  0.2551  0.2551  0.0000  0.2016  0.2744  0.2278  0.003300
epoch:11 0.1603  0.3643  0.1295  0.0000  0.1408  0.1828  0.1910  0.2694  0.2694  0.0000  0.2165  0.2992  0.2138  0.001089
epoch:12 0.1639  0.3743  0.1185  0.0000  0.1375  0.1829  0.2174  0.2912  0.2912  0.0000  0.2519  0.3017  0.2040  0.001089
epoch:13 0.1664  0.3743  0.1446  0.0000  0.1616  0.1787  0.2173  0.2863  0.2863  0.0000  0.2648  0.2779  0.1997  0.001089
epoch:14 0.1708  0.3746  0.1294  0.0000  0.1946  0.1811  0.2093  0.2920  0.2920  0.0000  0.2772  0.3005  0.1987  0.000359
epoch:15 0.1717  0.3726  0.1284  0.0000  0.1840  0.1820  0.2197  0.3003  0.3003  0.0000  0.2889  0.2992  0.1964  0.000359
epoch:16 0.1639  0.3644  0.1329  0.0000  0.1475  0.1742  0.2141  0.2969  0.2969  0.0000  0.2842  0.2949  0.1946  0.000359
epoch:17 0.1713  0.3802  0.1412  0.0000  0.1733  0.1779  0.2106  0.2909  0.2909  0.0000  0.2727  0.2925  0.1921  0.000119
epoch:18 0.1766  0.3939  0.1280  0.0000  0.1769  0.1905  0.2257  0.2928  0.2928  0.0000  0.3011  0.2802  0.1913  0.000119
epoch:19 0.1693  0.3730  0.1221  0.0000  0.1756  0.1725  0.2150  0.2921  0.2921  0.0000  0.2890  0.2808  0.1909  0.000119
epoch:20 0.1721  0.3928  0.1359  0.0000  0.1706  0.1866  0.2043  0.2887  0.2887  0.0000  0.2676  0.2967  0.1922  0.000039
epoch:21 0.1707  0.3799  0.1273  0.0000  0.1719  0.1793  0.2252  0.2924  0.2924  0.0000  0.3047  0.2744  0.1896  0.000039
epoch:22 0.1729  0.3873  0.1294  0.0000  0.1596  0.1950  0.2185  0.2939  0.2939  0.0000  0.2766  0.2972  0.1898  0.000039
epoch:23 0.1749  0.3893  0.1291  0.0000  0.1635  0.1838  0.2328  0.3040  0.3040  0.0000  0.3000  0.2918  0.1885  0.000013
epoch:24 0.1722  0.3932  0.1308  0.0000  0.1737  0.1877  0.2205  0.2975  0.2975  0.0000  0.2934  0.2846  0.1925  0.000013
epoch:25 0.1738  0.3776  0.1325  0.0000  0.1725  0.1842  0.2202  0.3074  0.3074  0.0000  0.3071  0.2988  0.1892  0.000013
epoch:26 0.1695  0.3760  0.1271  0.0000  0.1907  0.1772  0.2134  0.2825  0.2825  0.0000  0.2906  0.2720  0.1877  0.000004
epoch:27 0.1742  0.3672  0.1384  0.0000  0.1845  0.1824  0.2076  0.2883  0.2883  0.0000  0.2894  0.2862  0.1908  0.000004
epoch:28 0.1674  0.3750  0.1254  0.0000  0.1521  0.1799  0.2018  0.2815  0.2815  0.0000  0.2463  0.2905  0.1862  0.000004
epoch:29 0.1790  0.3988  0.1278  0.0000  0.1866  0.1942  0.2272  0.3042  0.3042  0.0000  0.3086  0.2974  0.1907  0.000001
epoch:30 0.1683  0.3827  0.1303  0.0000  0.1722  0.1806  0.2252  0.2899  0.2899  0.0000  0.2913  0.2765  0.1898  0.000001
epoch:31 0.1661  0.3889  0.1383  0.0000  0.1485  0.1760  0.2216  0.3024  0.3024  0.0000  0.2849  0.3067  0.1902  0.000001
epoch:32 0.1686  0.3788  0.1340  0.0000  0.1673  0.1743  0.2189  0.2956  0.2956  0.0000  0.2900  0.2838  0.1897  0.000000
epoch:33 0.1654  0.3745  0.1186  0.0000  0.1689  0.1731  0.2044  0.2735  0.2735  0.0000  0.2839  0.2600  0.1883  0.000000
epoch:34 0.1666  0.3683  0.1379  0.0000  0.1619  0.1789  0.2133  0.2852  0.2852  0.0000  0.2708  0.2789  0.1889  0.000000
epoch:35 0.1783  0.3992  0.1351  0.0000  0.1809  0.1908  0.2240  0.2910  0.2910  0.0000  0.2983  0.2768  0.1872  0.000000
epoch:36 0.1727  0.3811  0.1314  0.0000  0.1748  0.1837  0.2252  0.3197  0.3197  0.0000  0.3131  0.3117  0.1881  0.000000
epoch:37 0.1683  0.3829  0.1284  0.0000  0.1517  0.1797  0.1853  0.2770  0.2770  0.0000  0.2498  0.2882  0.1870  0.000000
epoch:38 0.1728  0.3958  0.1244  0.0000  0.1599  0.1875  0.2152  0.2945  0.2945  0.0000  0.2746  0.3007  0.1876  0.000000
epoch:39 0.1773  0.3801  0.1357  0.0000  0.1835  0.1839  0.2211  0.2917  0.2917  0.0000  0.2892  0.2808  0.1872  0.000000
epoch:40 0.1806  0.3906  0.1354  0.0000  0.1685  0.1981  0.2016  0.3041  0.3041  0.0000  0.2748  0.3129  0.1862  0.000000
epoch:41 0.1765  0.3792  0.1373  0.0000  0.1794  0.1839  0.2230  0.2971  0.2971  0.0000  0.2854  0.2922  0.1894  0.000000
epoch:42 0.1775  0.3889  0.1447  0.0000  0.1708  0.1882  0.2106  0.2800  0.2800  0.0000  0.2653  0.2822  0.1906  0.000000
epoch:43 0.1743  0.3808  0.1364  0.0000  0.1706  0.1791  0.2182  0.2941  0.2941  0.0000  0.2787  0.2921  0.1889  0.000000
epoch:44 0.1681  0.3959  0.1229  0.0000  0.1661  0.1834  0.2009  0.2850  0.2850  0.0000  0.2589  0.3017  0.1894  0.000000
