epoch:0 0.0132  0.0392  0.0067  0.0000  0.0135  0.0134  0.0198  0.0469  0.0469  0.0000  0.0245  0.0484  0.8098  0.010000
epoch:1 0.0406  0.1192  0.0141  0.0000  0.0322  0.0426  0.0540  0.0996  0.0996  0.0000  0.0714  0.1077  0.4442  0.010000
epoch:2 0.0450  0.1166  0.0231  0.0000  0.0175  0.0504  0.0652  0.1329  0.1329  0.0000  0.0480  0.1468  0.4137  0.010000
epoch:3 0.0540  0.1341  0.0318  0.0000  0.0433  0.0614  0.0707  0.1090  0.1090  0.0000  0.0962  0.1177  0.3872  0.010000
epoch:4 0.0617  0.1783  0.0210  0.0000  0.0568  0.0870  0.0897  0.1491  0.1491  0.0000  0.1037  0.1735  0.3766  0.010000
epoch:5 0.0845  0.2205  0.0549  0.0000  0.0465  0.0998  0.1063  0.1687  0.1687  0.0000  0.0764  0.1894  0.3578  0.010000
epoch:6 0.1200  0.2967  0.0686  0.0000  0.1376  0.1165  0.1453  0.2067  0.2067  0.0000  0.1833  0.2050  0.3120  0.010000
epoch:7 0.1275  0.3323  0.0629  0.0000  0.1244  0.1320  0.1432  0.2105  0.2105  0.0000  0.1920  0.2073  0.2935  0.010000
epoch:8 0.1259  0.2920  0.0925  0.0000  0.1339  0.1440  0.1682  0.2420  0.2420  0.0000  0.2246  0.2642  0.2661  0.010000
epoch:9 0.1411  0.3277  0.0962  0.0000  0.1699  0.1363  0.1931  0.2591  0.2591  0.0000  0.2528  0.2465  0.2483  0.010000
epoch:10 0.1404  0.3524  0.0916  0.0000  0.1328  0.1491  0.1635  0.2384  0.2384  0.0000  0.2064  0.2360  0.2382  0.010000
epoch:11 0.1395  0.3351  0.1003  0.0000  0.1547  0.1372  0.1765  0.2717  0.2717  0.0000  0.2366  0.2582  0.2294  0.010000
epoch:12 0.1720  0.3776  0.1272  0.0000  0.1728  0.1607  0.2034  0.2818  0.2818  0.0000  0.2426  0.2838  0.2173  0.010000
epoch:13 0.1640  0.3939  0.1277  0.0000  0.1644  0.1679  0.1913  0.2670  0.2670  0.0000  0.2679  0.2460  0.2053  0.010000
epoch:14 0.1882  0.4332  0.1312  0.0000  0.1774  0.1966  0.2298  0.2995  0.2995  0.0000  0.2864  0.2809  0.1799  0.003300
epoch:15 0.1819  0.4296  0.1200  0.0000  0.1969  0.1886  0.2123  0.2833  0.2833  0.0000  0.2619  0.2880  0.1685  0.003300
epoch:16 0.1782  0.4035  0.1140  0.0000  0.1853  0.1837  0.2198  0.2829  0.2829  0.0000  0.2848  0.2623  0.1646  0.003300
epoch:17 0.1895  0.4169  0.1476  0.0000  0.2046  0.2017  0.2336  0.3076  0.3076  0.0000  0.3158  0.2875  0.1554  0.003300
epoch:18 0.2109  0.4672  0.1375  0.0000  0.2041  0.2156  0.2382  0.2953  0.2953  0.0000  0.2732  0.2925  0.1509  0.003300
epoch:19 0.1939  0.4444  0.1389  0.0000  0.2114  0.1969  0.2183  0.2860  0.2860  0.0000  0.2755  0.2807  0.1492  0.003300
epoch:20 0.1882  0.4623  0.1235  0.0000  0.2098  0.1873  0.2223  0.2857  0.2857  0.0000  0.2863  0.2789  0.1443  0.003300
epoch:21 0.1952  0.4496  0.1360  0.0000  0.2005  0.1994  0.2429  0.3093  0.3093  0.0000  0.2981  0.2979  0.1412  0.003300
epoch:22 0.1967  0.4611  0.1194  0.0000  0.2386  0.1988  0.2198  0.2827  0.2827  0.0000  0.2753  0.2917  0.1376  0.003300
epoch:23 0.2032  0.4614  0.1435  0.0000  0.2065  0.2046  0.2479  0.3185  0.3185  0.0000  0.3113  0.3006  0.1283  0.001089
epoch:24 0.2088  0.4563  0.1415  0.0000  0.2161  0.2135  0.2513  0.3264  0.3264  0.0000  0.3187  0.3084  0.1248  0.001089
epoch:25 0.2057  0.4696  0.1464  0.0000  0.2312  0.1988  0.2382  0.3099  0.3099  0.0000  0.3171  0.2878  0.1235  0.001089
epoch:26 0.2075  0.4578  0.1577  0.0000  0.2183  0.2106  0.2510  0.3196  0.3196  0.0000  0.3064  0.3012  0.1208  0.001089
epoch:27 0.2015  0.4401  0.1332  0.0000  0.1966  0.2135  0.2464  0.3067  0.3067  0.0000  0.2705  0.3132  0.1197  0.001089
epoch:28 0.2122  0.4608  0.1550  0.0000  0.2075  0.2127  0.2399  0.2957  0.2957  0.0000  0.2668  0.2974  0.1191  0.001089
epoch:29 0.2007  0.4813  0.1477  0.0000  0.2089  0.1981  0.2405  0.2966  0.2966  0.0000  0.2824  0.2783  0.1166  0.001089
epoch:30 0.1997  0.4544  0.1415  0.0000  0.1942  0.2000  0.2356  0.2929  0.2929  0.0000  0.2441  0.2987  0.1161  0.001089
epoch:31 0.2025  0.4866  0.1451  0.0000  0.2199  0.1981  0.2317  0.2946  0.2946  0.0000  0.2792  0.2859  0.1139  0.001089
epoch:32 0.2036  0.4578  0.1454  0.0000  0.2268  0.1941  0.2440  0.2983  0.2983  0.0000  0.2910  0.2897  0.1094  0.000359
epoch:33 0.2021  0.4607  0.1303  0.0000  0.2303  0.1900  0.2446  0.2947  0.2947  0.0000  0.3050  0.2723  0.1097  0.000359
epoch:34 0.2067  0.4739  0.1291  0.0000  0.2247  0.1964  0.2421  0.3001  0.3001  0.0000  0.2927  0.2815  0.1093  0.000359
epoch:35 0.2155  0.4672  0.1534  0.0000  0.2244  0.2107  0.2528  0.3163  0.3163  0.0000  0.2976  0.3033  0.1089  0.000359
epoch:36 0.2085  0.4611  0.1555  0.0000  0.2236  0.2056  0.2523  0.3151  0.3151  0.0000  0.3091  0.2953  0.1076  0.000359
epoch:37 0.2054  0.4685  0.1521  0.0000  0.2222  0.2086  0.2449  0.3083  0.3083  0.0000  0.2961  0.3020  0.1084  0.000359
epoch:38 0.2036  0.4702  0.1418  0.0000  0.2094  0.2036  0.2306  0.2821  0.2821  0.0000  0.2588  0.2869  0.1060  0.000359
epoch:39 0.2095  0.4733  0.1553  0.0000  0.2219  0.2088  0.2468  0.3065  0.3065  0.0000  0.2937  0.2936  0.1055  0.000359
epoch:40 0.2169  0.4649  0.1619  0.0000  0.2265  0.2112  0.2482  0.3033  0.3033  0.0000  0.2987  0.2889  0.1069  0.000359
epoch:41 0.2067  0.4640  0.1534  0.0000  0.2375  0.1948  0.2451  0.3046  0.3046  0.0000  0.3070  0.2815  0.1062  0.000119
epoch:42 0.2113  0.4659  0.1555  0.0000  0.2405  0.1980  0.2490  0.3082  0.3082  0.0000  0.3116  0.2893  0.1040  0.000119
epoch:43 0.2189  0.4547  0.1545  0.0000  0.2327  0.2211  0.2511  0.3026  0.3026  0.0000  0.2940  0.2932  0.1042  0.000119
epoch:44 0.2128  0.4622  0.1577  0.0000  0.2346  0.1970  0.2501  0.3093  0.3093  0.0000  0.3004  0.2969  0.1056  0.000119
