epoch:0 0.0042  0.0173  0.0008  0.0000  0.0001  0.0049  0.0059  0.0237  0.0237  0.0000  0.0041  0.0252  0.8720  0.005000
epoch:1 0.0294  0.0828  0.0133  0.0000  0.0226  0.0307  0.0444  0.0814  0.0814  0.0000  0.0429  0.0842  0.4468  0.005000
epoch:2 0.0408  0.1005  0.0239  0.0000  0.0148  0.0455  0.0541  0.1116  0.1116  0.0000  0.0537  0.1236  0.4061  0.005000
epoch:3 0.0539  0.1405  0.0273  0.0000  0.0540  0.0587  0.0701  0.1334  0.1334  0.0000  0.1013  0.1440  0.3885  0.005000
epoch:4 0.0574  0.1645  0.0352  0.0000  0.0340  0.0651  0.0744  0.1271  0.1271  0.0000  0.0539  0.1406  0.3805  0.005000
epoch:5 0.0777  0.2000  0.0283  0.0000  0.0906  0.0810  0.0993  0.1549  0.1549  0.0000  0.1504  0.1563  0.3634  0.005000
epoch:6 0.0951  0.2697  0.0403  0.0000  0.0601  0.1054  0.1075  0.1669  0.1669  0.0000  0.1054  0.1898  0.3146  0.005000
epoch:7 0.1113  0.2736  0.0751  0.0000  0.1004  0.1212  0.1328  0.2194  0.2194  0.0000  0.1884  0.2272  0.3053  0.005000
epoch:8 0.1315  0.3107  0.0888  0.0000  0.0977  0.1388  0.1862  0.2575  0.2575  0.0000  0.2305  0.2732  0.2675  0.001650
epoch:9 0.1469  0.3249  0.1111  0.0000  0.1591  0.1430  0.1722  0.2364  0.2364  0.0000  0.2133  0.2462  0.2556  0.001650
epoch:10 0.1390  0.3365  0.0942  0.0000  0.1189  0.1486  0.1838  0.2726  0.2726  0.0000  0.2367  0.2772  0.2478  0.001650
epoch:11 0.1477  0.3535  0.1018  0.0000  0.1310  0.1584  0.1787  0.2641  0.2641  0.0000  0.2235  0.2761  0.2375  0.000545
epoch:12 0.1441  0.3359  0.0921  0.0000  0.1523  0.1469  0.1745  0.2503  0.2503  0.0000  0.2348  0.2477  0.2287  0.000545
epoch:13 0.1582  0.3515  0.1204  0.0000  0.1454  0.1708  0.2068  0.2974  0.2974  0.0000  0.2878  0.2925  0.2318  0.000545
epoch:14 0.1515  0.3492  0.1000  0.0000  0.1399  0.1631  0.1904  0.2637  0.2637  0.0000  0.2199  0.2774  0.2268  0.000180
epoch:15 0.1546  0.3589  0.1199  0.0000  0.1383  0.1645  0.2056  0.2734  0.2734  0.0000  0.2484  0.2736  0.2247  0.000180
epoch:16 0.1611  0.3539  0.1242  0.0000  0.1580  0.1671  0.2028  0.2814  0.2814  0.0000  0.2628  0.2653  0.2241  0.000180
epoch:17 0.1541  0.3272  0.1154  0.0000  0.1390  0.1656  0.1807  0.2793  0.2793  0.0000  0.2489  0.2768  0.2244  0.000059
epoch:18 0.1556  0.3442  0.1183  0.0000  0.1646  0.1635  0.1923  0.2813  0.2813  0.0000  0.2759  0.2753  0.2179  0.000059
epoch:19 0.1627  0.3613  0.1199  0.0000  0.1534  0.1706  0.1947  0.3007  0.3007  0.0000  0.2918  0.2902  0.2214  0.000059
epoch:20 0.1496  0.3296  0.1017  0.0000  0.1501  0.1576  0.1891  0.2510  0.2510  0.0000  0.2343  0.2605  0.2205  0.000020
epoch:21 0.1542  0.3317  0.1189  0.0000  0.1453  0.1640  0.1860  0.2596  0.2596  0.0000  0.2424  0.2568  0.2201  0.000020
epoch:22 0.1582  0.3408  0.1192  0.0000  0.1428  0.1668  0.2002  0.2710  0.2710  0.0000  0.2455  0.2693  0.2240  0.000020
epoch:23 0.1561  0.3350  0.1190  0.0000  0.1556  0.1565  0.1952  0.2821  0.2821  0.0000  0.2733  0.2647  0.2212  0.000006
epoch:24 0.1544  0.3402  0.1118  0.0000  0.1382  0.1700  0.2013  0.2819  0.2819  0.0000  0.2875  0.2610  0.2191  0.000006
