epoch:0 0.0038  0.0136  0.0006  0.0000  0.0052  0.0039  0.0076  0.0177  0.0177  0.0000  0.0224  0.0174  0.8029  0.010000
epoch:1 0.0291  0.0972  0.0075  0.0000  0.0192  0.0355  0.0436  0.1028  0.1028  0.0000  0.0502  0.1143  0.4472  0.010000
epoch:2 0.0442  0.1182  0.0181  0.0000  0.0311  0.0528  0.0558  0.1066  0.1066  0.0000  0.0465  0.1222  0.4048  0.010000
epoch:3 0.0469  0.1305  0.0181  0.0000  0.0508  0.0507  0.0628  0.1375  0.1375  0.0000  0.1182  0.1490  0.3919  0.010000
epoch:4 0.0606  0.1907  0.0241  0.0000  0.0377  0.0763  0.0941  0.1344  0.1344  0.0000  0.0985  0.1516  0.3737  0.010000
epoch:5 0.1015  0.2441  0.0731  0.0000  0.0749  0.1213  0.1159  0.2005  0.2005  0.0000  0.1600  0.2196  0.3434  0.005000
epoch:6 0.1245  0.2997  0.0750  0.0000  0.1290  0.1353  0.1331  0.2107  0.2107  0.0000  0.1973  0.2293  0.3122  0.005000
epoch:7 0.1340  0.3111  0.0919  0.0000  0.1298  0.1338  0.1651  0.2547  0.2547  0.0000  0.2177  0.2686  0.2863  0.005000
epoch:8 0.1519  0.3408  0.0956  0.0000  0.1510  0.1633  0.1842  0.2728  0.2728  0.0000  0.2506  0.2868  0.2578  0.001650
epoch:9 0.1489  0.3305  0.0897  0.0000  0.1491  0.1582  0.1804  0.2792  0.2792  0.0000  0.2631  0.2831  0.2438  0.001650
epoch:10 0.1463  0.3280  0.0878  0.0000  0.1539  0.1583  0.1776  0.2706  0.2706  0.0000  0.2737  0.2635  0.2382  0.001650
epoch:11 0.1503  0.3458  0.0988  0.0000  0.1402  0.1790  0.2018  0.2768  0.2768  0.0000  0.2352  0.2932  0.2278  0.000545
epoch:12 0.1465  0.3271  0.1272  0.0000  0.1684  0.1527  0.1693  0.2716  0.2716  0.0000  0.2531  0.2782  0.2233  0.000545
epoch:13 0.1614  0.3622  0.1204  0.0000  0.1696  0.1719  0.1852  0.2767  0.2767  0.0000  0.2526  0.2913  0.2223  0.000545
epoch:14 0.1539  0.3485  0.1259  0.0000  0.1685  0.1667  0.1762  0.2603  0.2603  0.0000  0.2676  0.2570  0.2173  0.000180
epoch:15 0.1532  0.3615  0.0961  0.0000  0.1529  0.1669  0.1688  0.2751  0.2751  0.0000  0.2621  0.2878  0.2189  0.000180
epoch:16 0.1672  0.3714  0.1419  0.0000  0.1601  0.1753  0.1938  0.2908  0.2908  0.0000  0.2716  0.3035  0.2148  0.000180
epoch:17 0.1655  0.3672  0.1162  0.0000  0.1648  0.1721  0.1859  0.2792  0.2792  0.0000  0.2584  0.2834  0.2163  0.000059
epoch:18 0.1618  0.3663  0.1117  0.0000  0.1654  0.1733  0.1759  0.2694  0.2694  0.0000  0.2466  0.2783  0.2173  0.000059
epoch:19 0.1651  0.3532  0.1319  0.0000  0.1692  0.1784  0.1857  0.2763  0.2763  0.0000  0.2753  0.2778  0.2153  0.000059
epoch:20 0.1594  0.3647  0.1108  0.0000  0.1815  0.1604  0.1816  0.2823  0.2823  0.0000  0.2709  0.2865  0.2153  0.000020
epoch:21 0.1687  0.3783  0.1048  0.0000  0.1623  0.1827  0.1876  0.2921  0.2921  0.0000  0.2657  0.3104  0.2142  0.000020
epoch:22 0.1538  0.3517  0.1086  0.0000  0.1529  0.1568  0.1880  0.2697  0.2697  0.0000  0.2655  0.2685  0.2116  0.000020
epoch:23 0.1635  0.3585  0.1284  0.0000  0.1626  0.1668  0.1892  0.2791  0.2791  0.0000  0.2584  0.2864  0.2151  0.000006
epoch:24 0.1699  0.3593  0.1637  0.0000  0.1786  0.1680  0.1977  0.2856  0.2856  0.0000  0.2848  0.2816  0.2163  0.000006
